NUMERO DE FILAS
15
NUMERO DE COLUMNAS
15
INICIO
9 13
FIN
13 4
CUADRICULA
7 9 0 1 5 3 4 4 0 2 0 0 0 8 1 
3 3 3 0 5 3 2 7 0 6 0 4 3 7 7 
0 7 2 5 9 1 0 8 5 5 0 0 1 2 0 
0 5 0 7 2 0 3 4 0 1 8 7 2 7 6 
0 5 3 5 8 9 0 6 0 6 2 9 9 7 6 
0 7 5 6 6 8 8 2 3 0 9 7 0 5 5 
1 0 3 4 8 5 0 9 8 1 7 7 7 1 0 
0 8 5 5 6 2 8 0 5 6 0 9 7 8 9 
7 4 9 3 5 6 4 0 5 8 8 0 0 2 0 
9 3 3 3 5 7 1 7 9 8 1 7 3 2 7 
0 7 9 2 9 6 8 4 6 9 9 7 1 3 7 
2 3 6 9 4 0 9 0 0 5 0 4 5 9 0 
0 1 1 0 5 0 7 9 2 0 0 7 0 7 8 
5 9 5 9 8 4 9 1 7 6 9 2 5 3 2 
8 0 6 7 1 4 3 0 1 0 0 9 7 2 0 
