NUMERO DE FILAS
15
NUMERO DE COLUMNAS
15
INICIO
12 12
FIN
3 6
CUADRICULA
0 5 5 1 8 6 3 5 6 4 5 0 5 6 2 
3 9 6 8 6 9 1 5 0 2 3 5 1 0 5 
9 8 0 9 7 5 5 3 2 9 4 7 1 6 8 
3 4 8 6 5 4 9 1 3 9 2 6 7 1 9 
7 9 3 3 2 1 3 9 5 3 1 0 3 3 6 
7 9 5 6 1 9 6 5 0 1 0 8 6 1 2 
8 0 4 9 3 9 3 6 9 3 8 0 8 5 0 
0 0 2 3 1 0 1 1 8 4 2 1 3 8 0 
5 6 0 5 6 9 8 0 9 0 7 0 4 0 5 
8 0 0 3 0 2 2 0 0 7 3 9 7 0 8 
3 8 6 4 6 7 4 0 3 6 7 0 6 8 2 
4 2 0 3 0 2 7 6 4 7 4 5 7 0 6 
4 2 5 7 1 4 8 3 8 8 4 1 2 6 1 
2 9 3 0 0 0 2 8 1 0 4 5 4 2 4 
1 7 1 0 6 1 8 5 0 4 4 0 2 4 8 
