NUMERO DE FILAS
15
NUMERO DE COLUMNAS
15
INICIO
4 12
FIN
11 2
CUADRICULA
0 0 2 9 7 0 6 0 7 5 6 0 2 7 0 
0 4 6 4 0 0 0 3 2 1 9 6 3 7 2 
3 8 6 5 0 3 9 9 8 3 6 4 6 5 3 
5 0 5 5 8 8 4 8 5 0 3 2 2 8 2 
6 1 2 3 6 3 7 1 9 5 8 5 9 3 5 
1 9 3 2 2 7 7 9 1 3 4 1 9 6 8 
1 3 6 9 9 3 1 0 6 0 9 2 1 9 8 
1 3 4 0 0 7 1 0 6 8 6 3 2 0 4 
7 1 7 7 7 4 7 2 7 2 7 8 7 0 8 
1 0 4 8 3 6 6 6 5 7 0 0 4 3 8 
8 5 7 6 8 9 8 9 0 3 4 0 6 1 7 
3 6 1 9 9 4 5 8 8 9 1 3 5 3 4 
6 2 1 7 5 2 4 9 0 8 2 9 7 3 0 
1 9 7 2 9 5 0 0 0 4 6 8 4 4 0 
4 0 2 3 0 9 5 7 0 4 3 7 5 6 6 
