NUMERO DE FILAS
15
NUMERO DE COLUMNAS
15
INICIO
12 1
FIN
3 0
CUADRICULA
7 4 2 1 4 1 8 3 5 9 9 2 3 1 2 
4 6 4 2 9 0 7 2 5 6 4 3 4 9 1 
4 8 5 6 8 0 7 2 9 7 6 4 0 1 1 
8 7 1 6 8 1 2 4 6 2 1 6 1 5 2 
1 6 3 0 9 7 4 4 8 0 0 6 5 3 0 
7 8 0 3 3 6 8 9 3 8 4 7 4 5 0 
8 9 2 7 9 6 2 6 6 8 5 8 1 7 1 
4 8 0 2 6 7 5 2 9 7 0 6 1 4 1 
4 2 1 5 2 4 5 0 9 6 8 8 1 1 9 
9 4 1 6 2 9 1 0 7 4 0 1 2 7 0 
5 3 9 9 0 0 0 4 1 2 0 0 5 4 1 
1 7 7 4 3 1 9 6 9 1 3 5 6 0 8 
4 1 9 7 8 5 7 1 1 4 7 5 2 6 1 
3 6 6 3 7 9 0 9 0 1 7 8 2 0 9 
6 7 4 0 5 3 8 1 7 0 9 4 3 8 5 
