NUMERO DE FILAS
15
NUMERO DE COLUMNAS
15
INICIO
12 5
FIN
12 11
CUADRICULA
0 8 7 0 1 1 9 0 4 9 9 2 4 3 5 
7 7 7 5 0 9 8 9 1 2 7 2 4 6 7 
6 4 2 7 0 5 0 5 7 7 0 9 1 7 2 
2 6 4 0 7 9 6 4 0 0 5 8 2 9 6 
4 8 9 2 0 2 0 3 8 9 7 9 0 2 1 
3 3 2 0 0 6 3 3 7 2 3 2 4 7 0 
0 0 6 9 1 3 1 1 1 7 3 5 7 5 0 
6 0 0 5 0 3 4 0 1 0 3 6 6 0 0 
2 1 5 9 0 4 8 2 0 6 4 1 0 0 6 
1 8 0 3 5 4 7 0 2 4 3 8 7 3 8 
2 1 9 7 6 1 0 0 5 1 0 1 0 4 8 
2 9 5 2 3 7 8 2 6 0 3 6 9 5 8 
7 2 4 5 3 2 8 5 8 8 3 6 2 3 9 
2 0 7 8 7 9 8 2 6 3 8 1 2 0 6 
4 3 0 6 5 1 1 6 7 9 0 9 3 8 9 
